2351068
4356274
5588934
6483472
7323410
8173712
8985408
9790182
10643498
11408402
12088914
12825176
13524476
14169842
14795390
15507454
16227960
16890462
17464712
18042554
18703978
19387928
20119812
20833546
21485432
22086638
22637204
23159720
23814590
24395034
24820656
25170238
25583382
26092138
26643354
27239326
27862972
28679140
29416260
30147118
30692336
31114044
31414210
31573580
31991832
32620550
33175326
33749044
34319930
34713578
35100238
35401998
35741428
36038428
36517504
36798344
37035320
37508528
37879322
38171134
38528822
39033578
39424980
39586262
39635404
39729892
40072560
40423658
40669228
40970800
41374988
41845884
42264616
42779872
43343034
43792972
44164126
44360836
44556240
44870654
45332868
45680626
45931456
46172120
46443654
46815578
47145920
47560222
48046600
48460878
48882702
49203916
49359414
49653662
49995584
50056964
50112090
50242608
50250614
50483252
50757294
51089042
51391978
51789874
52082506
52364418
52752818
52955900
52918724
52945220
52945070
53003188
53267636
53379596
53512640
53543352
53596186
53571026
53495302
53498594
53284152
53269636
53268160
53281230
53246884
53291804
53313756
53349768
53441186
53531116
53484328
53442994
53593006
53925074
54026074
54111436
54164112
54340942
54509340
54302948
53917802
53683010
53515038
53435200
53209270
53022620
52653744
52260038
51747826
51327932
51066292
50979368
50907926
50786008
50564524
50146282
49809244
49517512
49265168
49057552
48750986
48447906
48204742
47740380
47280728
46867212
46574542
46577742
46480088
46283486
45949048
45801754
45632302
45275896
45073992
45026974
44929966
44642764
44285132
44037448
43796568
43347232
42902474
42787546
42603844
42509826
42170104
41659684
40953948
40379270
39918844
39536818
39048548
38484174
37897316
37381310
36886244
36350276
35677502
35061136
34646748
34189670
33733354
33269986
32892840
32590384
32354212
31934790
31583588
31170752
30663548
30196122
29757274
29400862
28928900
28471078
28159228
27787726
27494962
27005444
26466140
25941322
25456858
25104666
24671446
24231428
23772064
23283306
22858192
22460666
22066714
21732418
21390914
21025604
20788336
20490758
20172826
19864854
19606152
19340880
19020146
18666370
18297354
18051960
17814764
17576158
17333954
17114578
16884620
16628098
16282214
15892486
15699700
15592054
15344692
15049262
14807144
14526554
14356068
14125032
13882892
13616780
13363070
13153864
12933728
12705914
12461692
12193664
11937056
11658398
11372822
11205836
10948328
10692958
10462606
10299394
10118472
9862464
9537572
9244936
9023464
8897590
8702988
8501552
8395040
8221764
8068836
7928872
7798976
7664646
7534842
7409950
7251596
7020554
6747810
6481738
6253682
6083258
5943034
5773850
5628148
5443096
5260208
5036242
4799950
4630568
4506096
4352148
4244226
4169290
4052368
3945162
3834202
3768498
3657768
3580598
3464702
3321040
3183706
3018966
2952442
2908314
2821214
2726376
2639092
2526454
2433664
2349094
2258128
2147722
2036578
1971526
1883946
1827214
1722394
1635260
1558694
1494018
1393926
1320248
1216282
1087632
996690
904710
830174
759522
691284
611924
550656
508770
460850
398742
349098
286514
228332
177680
115580
59824
21312
2438
0
0
0
0
0
0
0
0
0
0
0
0
0
0
0
0
0
0
0
0
0
0
0
0
0
0
0
0
0
0
0
0
0
0
0
0
0
0
0
0
0
0
0
0
0
0
0
0
0
0
0
0
0
0
0
0
0
0
0
0
0
0
0
0
0
0
0
0
0
0
0
0
0
0
0
0
0
0
0
0
0
0
0
0
0
0
0
0
0
0
0
0
0
0
0
0
0
0
0
0
0
0
0
0
0
0
0
0
0
0
0
0
0
0
0
0
0
0
0
0
0
0
0
0
0
0
0
0
0
0
0
0
0
0
0
0
0
0
0
0
0
0
0
0
0
0
0
0
0
0
0
0
0
0
0
0
0
0
0
0
0
0
0
0
0
0
0
0
0
0
0
0
0
0
0
0
0
0
0
0
0
0
0
0
0
0
0
0
0
0
0
0
0
0
0
0
0
0
0
0
0
0
0
0
0
0
0
0
0
0
0
0
0
0
0
0
0
0
0
0
0
0
0
0
0
0
0
0
0
0
0
0
0
0
0
0
0
0
0
0
0
0
0
0
0
0
0
0
0
0
0
0
0
0
0
0
0
0
0
0
0
0
0
0
0
0
0
0
0
0
0
0
0
0
0
0
0
0
0
0
0
0
0
0
0
0
0
0
0
0
0
0
0
0
0
0
0
0
0
0
0
0
0
0
0
0
0
0
0
0
0
0
0
0
0
0
0
0
0
0
0
0
0
0
0
0
0
0
0
0
0
0
0
0
0
0
0
0
0
0
0
0
0
0
0
0
0
0
0
0
0
0
0
0
0
0
0
0
0
0
