2.365213
1.744057
1.418117
1.215438
1.086645
1.002060
0.936969
0.884522
0.845770
0.810935
0.775452
0.747069
0.716892
0.686136
0.656729
0.636090
0.617987
0.600112
0.578880
0.563268
0.550811
0.539621
0.531517
0.525325
0.517967
0.506381
0.494531
0.482265
0.474497
0.466950
0.452091
0.431618
0.416177
0.406893
0.397438
0.389915
0.381754
0.381302
0.379084
0.379266
0.372546
0.363792
0.348990
0.329614
0.316674
0.313275
0.304881
0.299264
0.292766
0.281707
0.269653
0.256183
0.244503
0.234292
0.231343
0.221849
0.208955
0.204130
0.193527
0.184695
0.176271
0.172074
0.166639
0.153713
0.136248
0.122676
0.118545
0.115100
0.106353
0.097986
0.093110
0.091955
0.088962
0.091528
0.094272
0.091573
0.086663
0.078402
0.067955
0.063867
0.062845
0.059755
0.054387
0.049960
0.044800
0.040518
0.036992
0.036091
0.035231
0.036150
0.038169
0.036891
0.031021
0.028807
0.027240
0.021354
0.016232
0.014937
0.008567
0.009114
0.012523
0.013208
0.014396
0.017116
0.020164
0.023771
0.025147
0.022317
0.018805
0.018016
0.016697
0.016182
0.019936
0.024757
0.026708
0.024871
0.023907
0.021001
0.016806
0.015428
0.008821
0.007734
0.005498
0.003177
-0.000497
-0.000861
-0.001534
-0.004935
-0.006741
-0.006505
-0.009705
-0.011476
-0.008167
0.000863
0.001096
0.003401
0.002280
0.005800
0.010064
0.005454
-0.004465
-0.009093
-0.014440
-0.018266
-0.022642
-0.024613
-0.031572
-0.038145
-0.049355
-0.058253
-0.064656
-0.063718
-0.065489
-0.063595
-0.067990
-0.073159
-0.076743
-0.081093
-0.084681
-0.086472
-0.090888
-0.094804
-0.093283
-0.096602
-0.100043
-0.105131
-0.104939
-0.096955
-0.088383
-0.083280
-0.083609
-0.074969
-0.066787
-0.069064
-0.063991
-0.057885
-0.053942
-0.051674
-0.051445
-0.051787
-0.051964
-0.059218
-0.065199
-0.062223
-0.059283
-0.057305
-0.059324
-0.063455
-0.075535
-0.081194
-0.081351
-0.074672
-0.075589
-0.078634
-0.085043
-0.090415
-0.092326
-0.096915
-0.105872
-0.110356
-0.111858
-0.117669
-0.123385
-0.128537
-0.128534
-0.126461
-0.127118
-0.127420
-0.125417
-0.130293
-0.137569
-0.142666
-0.147023
-0.148510
-0.154367
-0.161888
-0.163910
-0.167628
-0.168500
-0.173730
-0.180280
-0.181992
-0.183592
-0.182326
-0.186196
-0.193108
-0.195023
-0.199009
-0.201730
-0.204762
-0.208194
-0.210840
-0.211850
-0.216125
-0.210643
-0.206417
-0.206682
-0.205358
-0.205452
-0.206963
-0.208298
-0.211175
-0.215308
-0.213358
-0.210224
-0.209513
-0.209315
-0.208950
-0.211602
-0.211512
-0.216746
-0.222411
-0.218306
-0.211659
-0.212361
-0.213862
-0.216353
-0.216993
-0.215458
-0.218873
-0.221187
-0.226986
-0.230613
-0.232617
-0.230856
-0.233637
-0.235659
-0.237710
-0.235949
-0.240952
-0.245153
-0.244875
-0.249413
-0.252832
-0.248327
-0.244516
-0.236218
-0.228497
-0.224291
-0.222074
-0.222635
-0.219728
-0.215740
-0.212217
-0.206769
-0.209167
-0.213520
-0.211209
-0.208762
-0.204738
-0.198411
-0.185358
-0.177147
-0.176587
-0.176488
-0.171594
-0.167552
-0.158685
-0.141627
-0.132292
-0.129519
-0.128096
-0.128926
-0.131164
-0.128375
-0.111462
-0.082159
-0.059656
-0.043076
-0.029939
-0.021454
-0.012496
-0.003286
0.006990
0.011124
0.013913
0.014283
0.006886
-0.007610
-0.016824
-0.016042
-0.016063
-0.029125
-0.038479
-0.043033
-0.054645
-0.061490
-0.075773
-0.086364
-0.098592
-0.106098
-0.089515
-0.086864
-0.085560
-0.087121
-0.082170
-0.076861
-0.074802
-0.078534
-0.067247
-0.067706
-0.087225
-0.081298
-0.067471
-0.061099
-0.073646
-0.082811
-0.113797
-0.126062
-0.113929
-0.095007
-0.103164
-0.111893
-0.158715
-0.205332
-0.189102
-0.156348
-0.127301
-0.120815
-0.039239
0.000000
0.000000
0.000000
0.000000
0.000000
0.000000
0.000000
0.000000
0.000000
0.000000
0.000000
0.000000
0.000000
0.000000
0.000000
0.000000
0.000000
0.000000
0.000000
0.000000
0.000000
0.000000
0.000000
0.000000
0.000000
0.000000
0.000000
0.000000
0.000000
0.000000
0.000000
0.000000
0.000000
0.000000
0.000000
0.000000
0.000000
0.000000
0.000000
0.000000
0.000000
0.000000
0.000000
0.000000
0.000000
0.000000
0.000000
0.000000
0.000000
0.000000
0.000000
0.000000
0.000000
0.000000
0.000000
0.000000
0.000000
0.000000
0.000000
0.000000
0.000000
0.000000
0.000000
0.000000
0.000000
0.000000
0.000000
0.000000
0.000000
0.000000
0.000000
0.000000
0.000000
0.000000
0.000000
0.000000
0.000000
0.000000
0.000000
0.000000
0.000000
0.000000
0.000000
0.000000
0.000000
0.000000
0.000000
0.000000
0.000000
0.000000
0.000000
0.000000
0.000000
0.000000
0.000000
0.000000
0.000000
0.000000
0.000000
0.000000
0.000000
0.000000
0.000000
0.000000
0.000000
0.000000
0.000000
0.000000
0.000000
0.000000
0.000000
0.000000
0.000000
0.000000
0.000000
0.000000
0.000000
0.000000
0.000000
0.000000
0.000000
0.000000
0.000000
0.000000
0.000000
0.000000
0.000000
0.000000
0.000000
0.000000
0.000000
0.000000
0.000000
0.000000
0.000000
0.000000
0.000000
0.000000
0.000000
0.000000
0.000000
0.000000
0.000000
0.000000
0.000000
0.000000
0.000000
0.000000
0.000000
0.000000
0.000000
0.000000
0.000000
0.000000
0.000000
0.000000
0.000000
0.000000
0.000000
0.000000
0.000000
0.000000
0.000000
0.000000
0.000000
0.000000
0.000000
0.000000
0.000000
0.000000
0.000000
0.000000
0.000000
0.000000
0.000000
0.000000
0.000000
0.000000
0.000000
0.000000
0.000000
0.000000
0.000000
0.000000
0.000000
0.000000
0.000000
0.000000
0.000000
0.000000
0.000000
0.000000
0.000000
0.000000
0.000000
0.000000
0.000000
0.000000
0.000000
0.000000
0.000000
0.000000
0.000000
0.000000
0.000000
0.000000
0.000000
0.000000
0.000000
0.000000
0.000000
0.000000
0.000000
0.000000
0.000000
0.000000
0.000000
0.000000
0.000000
0.000000
0.000000
0.000000
0.000000
0.000000
0.000000
0.000000
0.000000
0.000000
0.000000
0.000000
0.000000
0.000000
0.000000
0.000000
0.000000
0.000000
0.000000
0.000000
0.000000
0.000000
0.000000
0.000000
0.000000
0.000000
0.000000
0.000000
0.000000
0.000000
0.000000
0.000000
0.000000
0.000000
0.000000
0.000000
0.000000
0.000000
0.000000
0.000000
0.000000
0.000000
0.000000
0.000000
0.000000
0.000000
0.000000
0.000000
0.000000
0.000000
0.000000
0.000000
0.000000
0.000000
0.000000
0.000000
0.000000
0.000000
0.000000
0.000000
0.000000
0.000000
0.000000
0.000000
0.000000
0.000000
0.000000
0.000000
0.000000
0.000000
0.000000
0.000000
0.000000
0.000000
0.000000
0.000000
0.000000
0.000000
0.000000
0.000000
0.000000
0.000000
0.000000
0.000000
0.000000
0.000000
0.000000
0.000000
0.000000
0.000000
0.000000
0.000000
0.000000
0.000000
0.000000
0.000000
0.000000
0.000000
0.000000
0.000000
0.000000
0.000000
0.000000
0.000000
0.000000
0.000000
0.000000
0.000000
0.000000
0.000000
0.000000
0.000000
0.000000
0.000000
0.000000
0.000000
0.000000
0.000000
0.000000
0.000000
0.000000
0.000000
0.000000
0.000000
0.000000
0.000000
0.000000
0.000000
0.000000
0.000000
0.000000
0.000000
0.000000
0.000000
0.000000
0.000000
0.000000
0.000000
0.000000
0.000000
0.000000
0.000000
