1141990
2674002
4055688
5272392
6390540
7466676
8468256
9434882
10334212
11200328
12082152
12895602
13688560
14447156
15171004
15923432
16615278
17303198
17952008
18572536
19203682
19817324
20408524
20986778
21553772
22097144
22615488
23166154
23689640
24222578
24717728
25170466
25678172
26136054
26559882
26976598
27415814
27825386
28235624
28637996
29055350
29423894
29807602
30167794
30494728
30876958
31179852
31517544
31882864
32195108
32508756
32812520
33096774
33387848
33710882
33967040
34244056
34510534
34785824
35052542
35307056
35542826
35810466
36069314
36320222
36553992
36776682
37017970
37214082
37435996
37630290
37836874
38000826
38203978
38399242
38563034
38704836
38886820
39054992
39218524
39379464
39530550
39643070
39786672
39915554
40003732
40160406
40305476
40438964
40545896
40648608
40776024
40857846
40955306
41047686
41141560
41242962
41301272
41362374
41438968
41516230
41591332
41654118
41709184
41761738
41842518
41893082
41951210
42005182
41994136
42028846
42101090
42147890
42200672
42245668
42285150
42318424
42364766
42366954
42391534
42411658
42438176
42450402
42445530
42451494
42445608
42435488
42401872
42370780
42361656
42326458
42325060
42294628
42299446
42280430
42272016
42218414
42184990
42156644
42131592
42055022
42013598
41948748
41893632
41841324
41777804
41718634
41663008
41609594
41559580
41499938
41449554
41348344
41255150
41195096
41141084
41056770
40973386
40885528
40768408
40672544
40570696
40517066
40420336
40363376
40277174
40167208
40076964
39989006
39914848
39795698
39683706
39597260
39487242
39386874
39281708
39164494
39051572
38918768
38798144
38643744
38469794
38333706
38170296
38072902
37932740
37799352
37647608
37496338
37347042
37197158
37079098
36943286
36798584
36618956
36454040
36321136
36173426
36018944
35896656
35733884
35549824
35393594
35245602
35085302
34899044
34732976
34579340
34432966
34270022
34075588
33910172
33749788
33552948
33373466
33190944
33033658
32850576
32658288
32440902
32279066
32115964
31902220
31747834
31555600
31350158
31170846
30995678
30802060
30618510
30387534
30169212
29958366
29724480
29517826
29329158
29114982
28871590
28674144
28462948
28261440
28045700
27850438
27662570
27462280
27261166
27053612
26862402
26636910
26454530
26247342
26015046
25811796
25598062
25386916
25201282
24986470
24790920
24558784
24330184
24121996
23897380
23691102
23461474
23241300
22984842
22734694
22476092
22209648
21940472
21692458
21459150
21236884
20987098
20769276
20512496
20295272
20072696
19859734
19631240
19377846
19133536
18908098
18666248
18442512
18222448
17950102
17713714
17462054
17223622
16972784
16733548
16493028
16245468
16016042
15800536
15557810
15326322
15104738
14838866
14559562
14315916
14054292
13785174
13546040
13277662
13030910
12814214
12566666
12308686
12039658
11774588
11526802
11249506
10996890
10767294
10513942
10252560
9976612
9740736
9503532
9256322
8988440
8745090
8532096
8282424
8031696
7770816
7527492
7274874
7034406
6798606
6579776
6327840
6079668
5817364
5575836
5323350
5075590
4851670
4627294
4390424
4166752
3955346
3724212
3480856
3257524
3000876
2774368
2546610
2296684
2053388
1818560
1544758
1291860
1054784
814450
591840
363880
132064
0
0
0
0
0
0
0
0
0
0
0
0
0
0
0
0
0
0
0
0
0
0
0
0
0
0
0
0
0
0
0
0
0
0
0
0
0
0
0
0
0
0
0
0
0
0
0
0
0
0
0
0
0
0
0
0
0
0
0
0
0
0
0
0
0
0
0
0
0
0
0
0
0
0
0
0
0
0
0
0
0
0
0
0
0
0
0
0
0
0
0
0
0
0
0
0
0
0
0
0
0
0
0
0
0
0
0
0
0
0
0
0
0
0
0
0
0
0
0
0
0
0
0
0
0
0
0
0
0
0
0
0
0
0
0
0
0
0
0
0
0
0
0
0
0
0
0
0
0
0
0
0
0
0
0
0
0
0
0
0
0
0
0
0
0
0
0
0
0
0
0
0
0
0
0
0
0
0
0
0
0
0
0
0
0
0
0
0
0
0
0
0
0
0
0
0
0
0
0
0
0
0
0
0
0
0
0
0
0
0
0
0
0
0
0
0
0
0
0
0
0
0
0
0
0
0
0
0
0
0
0
0
0
0
0
0
0
0
0
0
0
0
0
0
0
0
0
0
0
0
0
0
0
0
0
0
0
0
0
0
0
0
0
0
0
0
0
0
0
0
0
0
0
0
0
0
0
0
0
0
0
0
0
0
0
0
0
0
0
0
0
0
0
0
0
0
0
0
0
0
0
0
0
0
0
0
0
0
0
0
0
0
0
0
0
0
0
0
0
0
0
0
0
0
0
0
0
0
0
0
0
0
0
0
0
0
0
0
0
0
0
0
0
0
0
0
0
0
0
0
0
0
0
0
0
0
0
0
0
0
