965600
2532726
3911753
5147932
6291452
7347343
8369649
9346298
10277142
11168899
11974696
12782018
13600687
14392290
15154675
15918574
16645833
17359747
18088452
18801797
19496823
20145616
20795517
21442242
22095557
22737979
23359672
23987545
24568144
25180080
25758395
26316764
26861428
27329219
27764262
28265394
28697439
29082003
29508622
29932104
30351372
30749251
31096087
31417478
31803907
32176124
32542717
32910351
33247400
33569926
33890108
34218029
34572876
34960119
35318987
35672410
36003721
36320272
36641461
36912397
37138433
37318006
37454058
37636655
37860130
38116017
38417748
38653718
38870018
39102404
39363489
39622069
39874894
40150345
40370298
40609532
40865293
41158127
41425450
41664594
41985489
42204172
42490629
42712161
42911492
43086211
43268664
43476387
43654740
43849108
44053738
44236417
44403422
44584491
44739718
44942355
45106233
45244292
45400494
45534732
45708975
45832608
45991124
46146207
46305382
46364023
46460428
46541298
46624391
46716384
46780275
46830735
46876223
46917727
46968749
46963912
46996250
47086831
47181292
47188114
47162110
47055376
47018597
46951155
46897386
46903149
46890143
46937679
46951228
46974018
47040435
46962155
46915752
46874915
46840612
46835280
46810925
46780430
46789270
46722125
46681448
46577670
46457389
46403804
46381882
46340700
46287982
46223895
46140964
46096491
46025687
45918628
45852820
45735064
45556382
45467962
45405877
45302256
45237346
45123970
44935679
44741565
44494912
44371943
44127640
43905055
43723090
43535485
43358971
43172233
42960741
42724016
42578264
42451085
42329243
42129672
41950950
41807780
41646481
41431299
41229790
41044616
40847194
40620053
40364207
40101076
39879167
39586805
39307953
39021831
38692237
38405826
38101269
37755707
37421769
37057486
36697796
36349310
36026729
35679478
35350643
34993985
34645909
34262615
33913357
33597779
33269927
32928988
32577954
32170372
31789343
31411342
31022315
30613876
30229343
29898294
29573539
29261867
28966251
28648838
28389102
28113966
27813414
27517798
27218329
26924283
26627002
26343219
26067198
25756225
25452356
25207174
24941397
24644139
24316867
24062009
23870235
23666378
23442429
23215745
22954345
22712197
22511051
22304218
22109911
21875893
21694939
21512183
21311328
21127559
20902103
20703768
20488425
20258612
20055184
19823299
19609893
19432513
19261392
19064109
18868435
18656884
18488769
18301345
18134549
17933097
17698400
17465018
17237476
17036338
16799598
16621190
16427114
16264036
16064141
15854330
15667758
15473780
15280853
15116354
14981629
14809936
14652163
14536587
14379998
14219931
14088658
13949251
13798455
13625966
13433365
13202559
13018802
12838856
12663792
12480540
12314952
12123834
11909113
11670991
11439733
11220154
11022259
10844331
10674540
10512858
10340427
10150232
9964616
9769899
9583372
9384861
9116458
8873518
8687626
8456999
8230750
7974696
7722508
7493880
7302617
7070020
6828519
6595382
6385799
6163483
5942370
5749586
5546969
5323274
5104904
4895633
4720175
4543167
4352284
4189901
4012710
3836801
3683654
3508953
3339085
3153131
2993094
2835003
2675633
2509160
2330010
2146692
1957814
1782795
1602790
1437900
1267811
1125265
978665
806523
623042
432195
268774
85261
0
0
0
0
0
0
0
0
0
0
0
0
0
0
0
0
0
0
0
0
0
0
0
0
0
0
0
0
0
0
0
0
0
0
0
0
0
0
0
0
0
0
0
0
0
0
0
0
0
0
0
0
0
0
0
0
0
0
0
0
0
0
0
0
0
0
0
0
0
0
0
0
0
0
0
0
0
0
0
0
0
0
0
0
0
0
0
0
0
0
0
0
0
0
0
0
0
0
0
0
0
0
0
0
0
0
0
0
0
0
0
0
0
0
0
0
0
0
0
0
0
0
0
0
0
0
0
0
0
0
0
0
0
0
0
0
0
0
0
0
0
0
0
0
0
0
0
0
0
0
0
0
0
0
0
0
0
0
0
0
0
0
0
0
0
0
0
0
0
0
0
0
0
0
0
0
0
0
0
0
0
0
0
0
0
0
0
0
0
0
0
0
0
0
0
0
0
0
0
0
0
0
0
0
0
0
0
0
0
0
0
0
0
0
0
0
0
0
0
0
0
0
0
0
0
0
0
0
0
0
0
0
0
0
0
0
0
0
0
0
0
0
0
0
0
0
0
0
0
0
0
0
0
0
0
0
0
0
0
0
0
0
0
0
0
0
0
0
0
0
0
0
0
0
0
0
0
0
0
0
0
0
0
0
0
0
0
0
0
0
0
0
0
0
0
0
0
0
0
0
0
0
0
0
0
0
0
0
0
0
0
0
0
0
0
0
0
0
0
0
0
0
0
0
0
0
0
0
0
0
0
0
0
0
0
0
0
0
0
0
0
0
0
0
0
0
0
0
0
0
0
0
0
0
0
0
0
0
0
0