513574
1322139
2015253
2634750
3212426
3744241
4240983
4725010
5180680
5622245
6042224
6441860
6840763
7231000
7613794
7989146
8335194
8674293
8993748
9315419
9616460
9923170
10208667
10488926
10765503
11034897
11289909
11535569
11792391
12036941
12281154
12512028
12753994
12990971
13211073
13425496
13624385
13843728
14047144
14250126
14449526
14642546
14834354
15014406
15198789
15400996
15555509
15723902
15885369
16044826
16203399
16363075
16510739
16663359
16826980
16951551
17093230
17225215
17360266
17498934
17627940
17739262
17862029
18000030
18115353
18235040
18347137
18451395
18555403
18645927
18756420
18863212
18975916
19071463
19171174
19268305
19356864
19455310
19526195
19614215
19700464
19790741
19878118
19942415
20016439
20073821
20161110
20211316
20270642
20317579
20378908
20414826
20470568
20514224
20563828
20610654
20655333
20707207
20753686
20783731
20818365
20851101
20876215
20916314
20948085
20961393
20995429
21011307
21026956
21043008
21058147
21095196
21105152
21112867
21122862
21127860
21140197
21148015
21172285
21168630
21175682
21164071
21165959
21174552
21169987
21180341
21168600
21159054
21171040
21149087
21157362
21138238
21131091
21130027
21114821
21091140
21084744
21091983
21070765
21039483
21023292
21001224
20978204
20951900
20920613
20893673
20858038
20831829
20793370
20768618
20732304
20702644
20674089
20623096
20577339
20541014
20509492
20471441
20424427
20388090
20328160
20272909
20222473
20185501
20130885
20084566
20027704
19983712
19929248
19859372
19805461
19760309
19698741
19656853
19594229
19547885
19495955
19426864
19366858
19307505
19243894
19175698
19122421
19066943
19010286
18944255
18867399
18807776
18752676
18678472
18626057
18550218
18473583
18404985
18335432
18256890
18182898
18115834
18027222
17952378
17870453
17784719
17692826
17618525
17560349
17460768
17389627
17301382
17211479
17125087
17040512
16939825
16843452
16739917
16652096
16562153
16472305
16379031
16271802
16200447
16104522
16022276
15933679
15852502
15767093
15661966
15554288
15450770
15375097
15281420
15198855
15098501
15004078
14911424
14813168
14716071
14626736
14509003
14415620
14311614
14200519
14097453
14003681
13891890
13793391
13696071
13604973
13509988
13410784
13315290
13210695
13103784
12984943
12859287
12738534
12611308
12510035
12399749
12297547
12178313
12046334
11934407
11815283
11676995
11553751
11451297
11347417
11229018
11125232
11016304
10907993
10793263
10673327
10547124
10436155
10311300
10193544
10068453
9937879
9820023
9709725
9577702
9450245
9335386
9209012
9097446
8983972
8851185
8725471
8612652
8502377
8371857
8235624
8113219
7988643
7884098
7768234
7655448
7534831
7403575
7269835
7142218
7021399
6901062
6799219
6678812
6556515
6425462
6312128
6180686
6052157
5931436
5803709
5655955
5539469
5421670
5293656
5176359
5043085
4927597
4812198
4688132
4557482
4433282
4308828
4173925
4055908
3938215
3830596
3708842
3590113
3465203
3342225
3222511
3097250
2968336
2844484
2710977
2586911
2463803
2352502
2230355
2112959
1996862
1878528
1751087
1629108
1499038
1380610
1263048
1133067
1006469
880294
768491
651229
526061
410707
281908
174358
57135
0
0
0
0
0
0
0
0
0
0
0
0
0
0
0
0
0
0
0
0
0
0
0
0
0
0
0
0
0
0
0
0
0
0
0
0
0
0
0
0
0
0
0
0
0
0
0
0
0
0
0
0
0
0
0
0
0
0
0
0
0
0
0
0
0
0
0
0
0
0
0
0
0
0
0
0
0
0
0
0
0
0
0
0
0
0
0
0
0
0
0
0
0
0
0
0
0
0
0
0
0
0
0
0
0
0
0
0
0
0
0
0
0
0
0
0
0
0
0
0
0
0
0
0
0
0
0
0
0
0
0
0
0
0
0
0
0
0
0
0
0
0
0
0
0
0
0
0
0
0
0
0
0
0
0
0
0
0
0
0
0
0
0
0
0
0
0
0
0
0
0
0
0
0
0
0
0
0
0
0
0
0
0
0
0
0
0
0
0
0
0
0
0
0
0
0
0
0
0
0
0
0
0
0
0
0
0
0
0
0
0
0
0
0
0
0
0
0
0
0
0
0
0
0
0
0
0
0
0
0
0
0
0
0
0
0
0
0
0
0
0
0
0
0
0
0
0
0
0
0
0
0
0
0
0
0
0
0
0
0
0
0
0
0
0
0
0
0
0
0
0
0
0
0
0
0
0
0
0
0
0
0
0
0
0
0
0
0
0
0
0
0
0
0
0
0
0
0
0
0
0
0
0
0
0
0
0
0
0
0
0
0
0
0
0
0
0
0
0
0
0
0
0
0
0
0
0
0
0
0
0
0
0
0
0
0
0
0
0
0
0
0
0
0
0
0
0
0
0
0
0
0
0
0
0
0
0
0
0
0
